Timestamp: Fri May 08 19:59:13 CEST 2026
Direction: CLIENT_TO_LISTENER
Remote: /192.168.1.182:23758
Local: /192.168.1.182:8080
Size: 406 bytes
Detected: HTTP

[ASCII / TEXT]
POST /login HTTP/1.1\r\n
Content-Length: 262\r\n
Content-Type: application/x-www-form-urlencoded\r\n
Host: 192.168.1.182:8080\r\n
Connection: Keep-Alive\r\n
\r\n
ACT=1&CRC=1f9c0c3c3724865c4d2d704baa591405&CTT=%7B%22TS%22%3A1778260260%2C%22OS%22%3A2%2C%22VER%22%3A%226.6.1%22%2C%22DEV%22%3A%22488295b8a69cf508%22%2C%22NAME%22%3A%22Black+Pearl%22%2C%22PWD%22%3A%227c6a180b36896a0a8c02787eeafb0e4c%22%2C%22LANG%22%3A%22en%22%7D

[HEX]
0000  50 4F 53 54 20 2F 6C 6F 67 69 6E 20 48 54 54 50  | POST /login HTTP
0010  2F 31 2E 31 0D 0A 43 6F 6E 74 65 6E 74 2D 4C 65  | /1.1..Content-Le
0020  6E 67 74 68 3A 20 32 36 32 0D 0A 43 6F 6E 74 65  | ngth: 262..Conte
0030  6E 74 2D 54 79 70 65 3A 20 61 70 70 6C 69 63 61  | nt-Type: applica
0040  74 69 6F 6E 2F 78 2D 77 77 77 2D 66 6F 72 6D 2D  | tion/x-www-form-
0050  75 72 6C 65 6E 63 6F 64 65 64 0D 0A 48 6F 73 74  | urlencoded..Host
0060  3A 20 31 39 32 2E 31 36 38 2E 31 2E 31 38 32 3A  | : 192.168.1.182:
0070  38 30 38 30 0D 0A 43 6F 6E 6E 65 63 74 69 6F 6E  | 8080..Connection
0080  3A 20 4B 65 65 70 2D 41 6C 69 76 65 0D 0A 0D 0A  | : Keep-Alive....
0090  41 43 54 3D 31 26 43 52 43 3D 31 66 39 63 30 63  | ACT=1&CRC=1f9c0c
00A0  33 63 33 37 32 34 38 36 35 63 34 64 32 64 37 30  | 3c3724865c4d2d70
00B0  34 62 61 61 35 39 31 34 30 35 26 43 54 54 3D 25  | 4baa591405&CTT=%
00C0  37 42 25 32 32 54 53 25 32 32 25 33 41 31 37 37  | 7B%22TS%22%3A177
00D0  38 32 36 30 32 36 30 25 32 43 25 32 32 4F 53 25  | 8260260%2C%22OS%
00E0  32 32 25 33 41 32 25 32 43 25 32 32 56 45 52 25  | 22%3A2%2C%22VER%
00F0  32 32 25 33 41 25 32 32 36 2E 36 2E 31 25 32 32  | 22%3A%226.6.1%22
0100  25 32 43 25 32 32 44 45 56 25 32 32 25 33 41 25  | %2C%22DEV%22%3A%
0110  32 32 34 38 38 32 39 35 62 38 61 36 39 63 66 35  | 22488295b8a69cf5
0120  30 38 25 32 32 25 32 43 25 32 32 4E 41 4D 45 25  | 08%22%2C%22NAME%
0130  32 32 25 33 41 25 32 32 42 6C 61 63 6B 2B 50 65  | 22%3A%22Black+Pe
0140  61 72 6C 25 32 32 25 32 43 25 32 32 50 57 44 25  | arl%22%2C%22PWD%
0150  32 32 25 33 41 25 32 32 37 63 36 61 31 38 30 62  | 22%3A%227c6a180b
0160  33 36 38 39 36 61 30 61 38 63 30 32 37 38 37 65  | 36896a0a8c02787e
0170  65 61 66 62 30 65 34 63 25 32 32 25 32 43 25 32  | eafb0e4c%22%2C%2
0180  32 4C 41 4E 47 25 32 32 25 33 41 25 32 32 65 6E  | 2LANG%22%3A%22en
0190  25 32 32 25 37 44                                | %22%7D          
